9.622555136680602805e-01
5.985331475734710915e-01
5.182833075523376465e-01
4.770020544528961182e-01
4.543051272630691528e-01
4.453439682722091786e-01
4.392246544361114724e-01
4.344043821096420510e-01
4.315969437360763772e-01
4.296862363815307506e-01
4.282309532165527455e-01
4.270131200551986472e-01
4.259349942207336648e-01
4.251480758190154807e-01
4.244441002607345359e-01
4.238607436418533325e-01
4.233992338180542214e-01
4.230851739645004050e-01
4.228675156831741555e-01
4.226482033729553334e-01
4.224801778793335072e-01
4.222484648227691761e-01
4.220918625593185203e-01
4.219065517187118308e-01
4.217959702014922874e-01
4.216389447450638039e-01
4.214804679155349509e-01
4.213582485914230125e-01
4.211983561515807994e-01
4.210994899272918479e-01
4.209556430578231812e-01
4.208665311336517445e-01
4.208005279302596824e-01
4.206582963466644065e-01
4.206005245447158591e-01
4.205837130546569713e-01
4.205377697944641113e-01
4.204830378293991089e-01
4.204382419586181752e-01
4.204377442598342673e-01
4.204327225685119407e-01
4.204049408435821533e-01
4.203524559736251942e-01
4.203045427799224631e-01
4.202652782201766746e-01
4.202174872159957775e-01
4.201822549104690663e-01
4.201579868793487438e-01
4.201378583908080833e-01
4.200706601142883412e-01
4.199986308813095093e-01
4.199637323617935181e-01
4.199455797672271840e-01
4.199421554803848267e-01
4.199047595262527244e-01
4.198502629995345958e-01
4.198074430227279885e-01
4.197824150323867798e-01
4.197604268789291160e-01
4.197531610727310292e-01
4.197652012109756581e-01
4.197670906782150491e-01
4.197790414094925149e-01
4.197955846786499134e-01
4.197547227144241555e-01
4.197311222553253285e-01
4.196832776069641113e-01
4.196555405855179055e-01
4.195846676826476829e-01
4.195652693510055764e-01
4.195202231407165749e-01
4.195186942815780640e-01
4.195226132869720459e-01
4.194707870483398438e-01
4.194595158100128396e-01
4.194470643997192383e-01
4.193917095661163219e-01
4.194202154874801525e-01
4.193509608507156594e-01
4.193722963333129661e-01
4.192806005477905384e-01
4.193000972270965465e-01
4.192922502756118996e-01
4.192690104246139526e-01
4.193044096231460793e-01
4.193044275045395008e-01
4.192407041788100974e-01
4.192717969417572021e-01
4.192739605903625377e-01
4.192791968584060891e-01
4.192595362663268932e-01
4.192466288805007935e-01
4.191521793603897317e-01
4.191959053277969360e-01
4.190847963094711526e-01
4.191255211830139382e-01
4.190756976604461670e-01
4.191644459962844960e-01
4.191225707530975564e-01
4.190927833318710549e-01
