1.405622601509094238e+00
1.326156616210937500e+00
1.245513558387756348e+00
1.162284612655639648e+00
1.085728645324707031e+00
1.007224082946777344e+00
9.455991387367248535e-01
8.876405358314514160e-01
8.401688337326049805e-01
7.950597405433654785e-01
7.554683089256286621e-01
7.195240259170532227e-01
7.110840678215026855e-01
6.789558529853820801e-01
6.580464839935302734e-01
6.405575871467590332e-01
6.294590830802917480e-01
6.123992800712585449e-01
6.035459637641906738e-01
5.803128480911254883e-01
5.724832415580749512e-01
5.698495507240295410e-01
5.546886324882507324e-01
5.562611222267150879e-01
5.498382449150085449e-01
5.389665365219116211e-01
5.245628356933593750e-01
5.222688317298889160e-01
5.242755413055419922e-01
5.084268450736999512e-01
4.991542398929595947e-01
5.011460185050964355e-01
4.963915646076202393e-01
4.925761818885803223e-01
4.941249489784240723e-01
4.938644468784332275e-01
4.760462641716003418e-01
4.877083003520965576e-01
4.784948527812957764e-01
4.882594347000122070e-01
4.688034057617187500e-01
4.690983891487121582e-01
4.679895043373107910e-01
4.703897833824157715e-01
4.622909724712371826e-01
4.602326154708862305e-01
4.755454659461975098e-01
4.564484059810638428e-01
4.531658887863159180e-01
4.660383462905883789e-01
4.635789692401885986e-01
4.543443322181701660e-01
4.478138387203216553e-01
4.613708257675170898e-01
4.494702219963073730e-01
4.452052116394042969e-01
4.535968601703643799e-01
4.473154246807098389e-01
4.511969685554504395e-01
4.451732933521270752e-01
4.374246299266815186e-01
4.571061134338378906e-01
4.451161921024322510e-01
4.371367096900939941e-01
4.517940878868103027e-01
4.485880136489868164e-01
4.358741044998168945e-01
4.494442045688629150e-01
4.403804242610931396e-01
4.368401169776916504e-01
4.377023279666900635e-01
4.395467638969421387e-01
4.449564814567565918e-01
4.426769316196441650e-01
4.511936306953430176e-01
4.432840049266815186e-01
4.494767189025878906e-01
4.345737993717193604e-01
4.354554116725921631e-01
4.448577165603637695e-01
4.328427314758300781e-01
4.236007928848266602e-01
4.638317227363586426e-01
4.333527982234954834e-01
4.411656856536865234e-01
4.344658553600311279e-01
4.250555634498596191e-01
4.399424791336059570e-01
4.286359846591949463e-01
4.473124444484710693e-01
4.408053457736968994e-01
4.425606429576873779e-01
4.350123703479766846e-01
4.343707263469696045e-01
4.397656321525573730e-01
4.404408931732177734e-01
4.402901530265808105e-01
4.276458621025085449e-01
4.422084689140319824e-01
4.455646276473999023e-01
